ATMOFX_BODY:NEEDS[QuackPack]
{
	name = Blas
	strength_multiplier = 1.25
	length_multiplier = 1.25
	opacity_multiplier = 1
	wrap_fresnel_modifier = 0
	particle_threshold = 1950
	streak_probability = 0.0900000036
	streak_threshold = -0.5
	Color
	{
		glow = 191 80 50 1.4
		glow_hot = 191 90 65 2.5
		trail_primary = 76 116 191 2.5
		trail_secondary = 163 139 210 1.8
		trail_tertiary = 132 4 4 3.022727
		trail_streak = 191 124 73 2
		wrap_layer = 191 124 73 2
		wrap_streak = 132 4 4 2.5
		shockwave = 34 41 191 3
	}
}
