ATMOFX_BODY:NEEDS[QuackPack]
{
	name = Cind
	strength_multiplier = 1.75
	length_multiplier = 1.75
	opacity_multiplier = 1
	wrap_fresnel_modifier = 1
	particle_threshold = 2150
	streak_probability = 0.0900000036
	streak_threshold = -0.289772719
	Color
	{
		glow = 191 80 50 1.4
		glow_hot = 191 90 65 2.5
		trail_primary = 83 92 191 2
		trail_secondary = 52 102 191 2
		trail_tertiary = 106 9 1 2
		trail_streak = 106 20 0 2
		wrap_layer = 133 94 216 2
		wrap_streak = 108 5 5 1.5
		shockwave = 99 67 190 3
	}
}
