ATMOFX_BODY:NEEDS[QuackPack]
{
	name = Jot
	strength_multiplier = 1.5
	length_multiplier = 1.5
	opacity_multiplier = 1
	wrap_fresnel_modifier = 1
	particle_threshold = 2000
	streak_probability = 0.0900000036
	streak_threshold = -0.5
	Color
	{
		glow = 191 80 50 1.4
		glow_hot = 191 93 70 2.5
		trail_primary = 37 23 221 1.4
		trail_secondary = 250 172 65 3
		trail_tertiary = 1 115 47 1.7
		trail_streak = 108 9 0 1.7
		wrap_layer = 37 23 221 2
		wrap_streak = 108 1 1 1.4
		shockwave = 34 65 146 3.022727
	}
}
